image: mini_gazebo_map.pgm
resolution: 0.100000
origin: [-7.000000, -7.000000, 0.0000]
negate: 0
occupied_thresh: 0.65
free_thresh: 0.196

